000100000000000
001000010100001
001101101100010
111100000010010
111000100010011
011101001010100
001100010010101
001110000010110
100100000010111
001100000011001
001101010011101
010001111000011
010001111000011
010001110000100
010001110000101
010101010001010
001101101100010
110100000011111
001000010100001
001000010100001
100000001000110
010101100001000
010101100001000
110100000000111
001101101100010
001000010100001
001000010100001
011001110001001
101001000001101
101101000001110
110000000001111
010001000001011
011001010001100
001000010100001
001000010100001
001000010100001
001000010100001
001000010010000
000000110010001
001000010100001
001000010100001
001000010100001
001000010100001
001000010100001
001000010100001
001000010100001
011101001010100
001000010100001
010001001011000
010001001011000
100100000010111
010001001011000
001000010100001
001100010010101
001110000010110
100100000010111
010101010011010
010001010011011
011001010011100
001000010100001
010001000011110
001000010100001
001000010100001
